64334843536
17398031194
84049381474
62704011407
70441380826
05939274992
54614716989
39993332386
07530560655
20302796346
77648575493
84756706021
51184580089
33034541714
93734852785
11846377452
07805429875
33801559164
58420187943
25798586673
08396583682
89982226141
73925734430
00143840360
01775143585
85623310803
74436166270
55966787463
80313113269
52398223842
52430994941
10539138939
96073935808
96231622230
45130408116
69817976501
33631987627
47085265881
62244410961
91362917478
03505574629
50787096309
75482630547
30424555049
18699166906
57044991700
77339427612
05785257524
60465443234
59101716770
09033719010
64014879917
08778901923
70600329870
08130929063
54746555141
34015437284
04154199890
76485708370
95723588250
26651614072
30584972406
54927220786
11247154101
47344783582
70415954248
92568164364
25470393318
66227728292
90515697177
33748654381
01482681614
02784786167
56390375236
41334108474
20281985049
85913360129
02903865321
64580435609
95521775544
74334735666
19278432771
59778718435
19414951861
30074038767
24860777220
68309299181
56448539982
38661699915
45730132865
35075754427
47573572941
98552473365
43745720823
63111460299
85636240033
48123265968
50189461879
43780285186
10324468805
63497351589
58607545069
83181178067
16828028609
78037352362
46178327934
99672403065
19428126648
82555665801
44874304912
99909803954
89928413099
77120858059
01165246453
02694692878
12368548132
56443274660
53288823467
99054961583
23771407702
20260903279
91888071487
51638054565
71581343957
63412932142
65626219291
56486601505
97698103380
93616134527
76135720791
14377577411
75612494533
78788966538
83033684192
16185505691
28468218932
54429542967
64796801339
34252429064
53821764718
60085611075
49724971720
86226323375
29569106735
33605356151
03206589904
76321559159
10070731913
58483009801
67378446274
60255299708
18949368412
53434733600
35351255444
32765041304
20846534618
03147096596
74490256519
29635883968
51381757322
00865674319
86162221193
78267210547
95945892546
60582939421
96557868134
64949895570
19911517761
62180611419
81005144835
25959443414
78737303401
48687120208
36366376496
14171496115
84383478124
28025310953
57933950197
22413628620
98827381056
69956927393
88544327208
24872801451
35641163573
73093912185
20917735009
61225002466
67055998219
41495324650
63670958737
59631594661
97582784726
74194159035
77614652201
78361519543
63433343505
60536638255
71173344444
49433760068
89661495056
30562580843
72658214853
37562547270
33532080002
59810264576
67618689420
30943983692
99132238934
74908071234
39799128015
62555067623
68271142318
19394258132
43249026924
16900368149
20072374975
78181474748
10952379584
70897202695
66088742814
65167321561
25790194703
07818936154
91949959690
96276708920
96773214424
72491043448
31318366184
06236269169
85702290531
55583748452
49662963403
34804866981
64486090977
23859303111
80048184133
60780072146
12682906007
35471309173
96651885766
08448832925
25409768816
12264522991
03024256264
03127100572
54639453064
10004518696
84261882692
86239319506
24798803456
80927884060
18722776468
75427586558
10521054057
56852423165
24651930704
18451657351
28229057801
51560016181
54568040122
61757220850
42375783717
43912357262
03077275102
64497560335
97167396728
44599673172
47115527495
54058299797
91416040789
16818073973
07677963856
40203244757
15135552889
33658557181
68270590133
76287036183
71609514619
64478836869
82995965473
19267064431
32337236424
72335063754